1 2 544.550454 408.548598 523.660713 0.389414 
2 2 489.243111 467.506664 507.709653 465.126812 
3 2 508.470865 469.358881 483.700829 474.472753 
4 2 427.553203 41.443666 436.529628 368.608935 
5 2 426.145471 0.398409 428.628467 40.615548 
6 4 532.165486 0.402239 539.628901 127.551132 539.928029 128.418321 545.142053 219.577670 
7 2 390.527891 216.333479 334.426813 206.936954 
8 2 480.614394 309.089204 497.745260 305.763251 
10 2 519.511465 420.254541 508.442197 419.737498 
11 2 232.622589 0.462309 238.416508 480.476867 
12 4 301.621092 198.703653 359.576090 196.513073 359.239088 193.959695 386.442420 198.822136 
13 2 334.517424 206.080445 305.393576 206.954694 
14 4 483.091834 421.436459 480.371006 310.454131 478.858421 310.579505 476.865645 269.433859 
15 2 562.224971 489.520659 558.766640 443.479971 
16 2 297.398917 208.466369 258.380896 212.282089 
17 4 414.540702 214.424341 390.411353 215.486843 423.012669 219.554675 414.670076 215.030322 
18 2 511.412710 379.945210 516.801327 417.312339 
19 2 543.503876 419.670793 519.470867 420.216139 
20 2 556.565004 411.554724 555.158273 387.520001 
21 2 487.251380 35.563698 486.256700 0.450237 
22 2 393.703839 66.035403 368.795029 55.106789 
23 4 385.699379 440.526356 426.665573 423.908161 366.496702 440.815998 385.510724 440.724325 
24 2 427.227976 206.508966 423.897263 105.453947 
25 2 503.550496 420.533758 484.400800 421.469165 
26 2 423.813352 85.520400 421.284964 0.417260 
27 2 334.578662 442.291715 366.473283 440.891446 
28 6 493.764884 152.329918 491.387505 134.649591 492.641947 135.335089 491.258384 117.364620 491.130997 116.643976 490.514445 106.499122 
29 10 264.153329 185.752424 302.119616 196.261504 252.613841 190.030379 265.656861 187.230807 249.970817 194.960386 254.953886 189.956192 250.849556 198.051876 251.542205 193.847910 253.408523 204.111445 251.589431 197.889153 
30 4 478.536540 482.337391 355.378321 487.711458 354.541470 488.313325 266.564614 490.325321 
31 16 274.501865 24.661860 314.519594 24.200858 314.519894 26.971019 336.563932 27.800072 336.356396 27.881203 367.940827 38.209910 367.428629 37.016837 392.131150 45.705618 391.875207 46.469966 408.646296 57.272882 403.764400 56.179846 411.673530 62.711618 409.637010 61.983058 418.090301 69.160325 417.513546 69.516266 419.946382 74.271632 
32 2 549.518620 443.498537 551.644808 470.567174 
33 2 386.556477 198.856740 423.534823 202.103376 
34 8 489.340125 47.866821 487.356111 36.184769 489.943736 72.656957 488.391938 47.383833 490.832294 91.520389 490.280368 73.445635 490.183194 98.595649 491.202049 91.318283 
35 16 248.355213 55.507697 247.763608 44.379659 248.032743 47.242975 249.452946 40.490104 248.947461 40.655068 251.577218 37.359615 251.146526 39.156571 256.592077 36.704482 255.383625 38.852957 261.909802 36.100578 252.170018 55.676719 249.120573 53.194963 253.073903 56.681741 250.993289 55.222457 258.763433 51.326020 252.198696 53.419637 
37 2 424.055643 95.504535 416.864517 84.266743 
38 2 544.947138 219.597198 555.651660 390.615693 
39 2 440.492883 478.246635 479.518271 477.150477 
40 2 550.264700 386.494088 549.611806 412.477682 
41 2 571.047680 447.918275 575.645767 428.534578 
42 2 521.504337 417.072910 532.513357 417.184713 
43 2 551.054626 471.458919 552.691651 493.559875 
44 2 512.277274 1.437201 524.292150 341.472010 
46 2 557.535493 421.978197 549.431692 422.579686 
47 2 580.019809 453.349453 585.115690 538.642452 
49 4 302.513585 457.538347 340.941844 443.924477 273.396680 457.441857 307.559185 454.106140 
50 2 474.480227 175.555628 472.520946 104.416798 
51 2 497.689086 237.592523 493.341966 152.508074 
52 6 499.449154 272.501962 498.444328 246.463558 496.807603 247.672873 498.045734 238.307737 501.234978 303.581188 499.233086 272.388773 
54 2 254.338347 215.500691 254.287096 203.509458 
55 4 261.716077 35.927302 267.315858 33.131214 265.372684 33.498915 274.627776 24.633391 
56 2 546.504356 433.582887 535.482245 434.162189 
57 2 304.802793 207.582159 297.202825 206.382258 
58 2 435.993973 369.481219 436.774071 431.534269 
59 2 431.051652 411.531975 426.856123 221.492138 
60 2 496.447191 0.451180 510.939794 281.631958 
61 2 558.786476 441.567018 557.270574 425.427623 
62 2 436.612104 446.465515 437.102063 476.473842 
63 2 35.787813 0.416530 33.907527 61.512542 
64 2 533.393961 416.875431 543.481528 416.216994 
65 8 244.987717 484.420178 258.310150 478.099822 256.895094 479.125560 261.199668 474.099195 260.908428 475.105566 267.038142 463.713425 237.466940 481.719031 246.414047 483.069468 
66 2 476.657014 120.410382 481.084010 128.166669 
67 2 33.498970 61.546850 28.375973 389.482440 
68 4 473.225996 103.688296 472.693605 94.431353 469.283220 97.692580 471.475870 77.389399 
69 2 29.940045 30.545418 -0.060433 16.715738 
70 2 470.847073 76.624711 466.156106 14.450498 
71 2 570.223695 301.372799 576.117044 427.564586 
72 2 274.474297 202.729215 291.484676 204.636658 
73 2 486.879254 134.859793 478.326359 129.793117 
74 2 269.815292 40.559128 292.677357 38.783322 
76 4 511.180090 281.621921 513.698491 329.542123 513.467180 329.562916 515.011287 379.453226 
77 6 170.685592 490.052932 186.272187 484.821279 186.022684 484.372797 215.943549 460.045535 213.735411 460.843356 227.586417 444.715397 
78 2 500.017689 140.522261 493.554990 0.497462 
79 4 542.660372 432.614032 546.364962 427.403982 534.522122 431.593972 542.498639 431.432677 
80 2 484.226301 483.486504 485.248975 538.523246 
81 2 569.394410 527.513596 567.555949 513.235278 
82 2 567.303879 270.382655 569.364122 302.053477 
83 2 927.387783 187.576616 920.971134 178.178335 
84 2 569.230006 249.456664 565.768163 271.024570 
85 2 266.555668 489.514808 226.402217 491.717444 
86 2 627.965511 114.519156 629.079767 87.441557 
87 2 639.038085 290.534119 636.004374 249.462745 
88 2 226.411330 491.624751 170.433728 493.351040 
89 4 567.057960 232.489394 566.984252 242.510917 567.547160 243.286863 568.683488 248.869730 
90 2 489.442567 445.520392 489.273794 428.492331 
91 2 545.586689 498.091963 530.614882 500.284480 
92 2 356.400648 43.731821 337.452370 35.611137 
93 2 562.881863 504.500979 562.892491 489.499570 
95 2 562.939883 194.594579 564.695167 223.548791 
96 4 505.123418 0.418952 508.472449 67.501375 508.225277 67.539176 508.930524 90.486769 
97 2 628.486219 87.272646 627.130396 75.427841 
98 2 627.798082 126.516096 627.946855 114.517941 
99 2 558.701798 164.519326 559.450748 195.452769 
100 2 627.120402 246.508947 626.742955 230.494274 
101 2 667.095187 264.566947 664.600708 249.483345 
102 2 424.916302 420.750239 430.924371 410.755088 
103 2 -0.135492 8.049481 28.396847 19.751512 
104 2 293.534916 32.679230 279.517742 32.082934 
105 2 476.407129 230.540135 474.390031 175.614210 
106 2 653.471875 297.441857 655.811001 336.541219 
107 2 537.597821 28.518719 537.016253 0.489289 
108 2 628.338751 21.505903 630.061173 68.552677 
109 2 642.344743 276.438122 652.171941 410.597281 
110 4 833.405908 374.673007 839.295443 377.876118 837.589044 378.174128 840.032684 386.340606 
111 2 483.228741 475.398961 484.237559 482.675036 
112 2 20.667575 496.599812 0.376803 499.691446 
113 2 555.463807 70.418388 556.838036 103.485952 
114 2 625.113254 219.523047 621.476871 158.501378 
115 2 637.838017 230.680477 641.713390 266.368237 
116 6 436.384484 432.125857 438.785613 437.802191 436.872134 436.824445 438.182103 443.363351 434.820856 441.260444 435.650591 445.835416 
117 2 489.920817 457.461752 489.651087 447.442093 
118 2 625.989770 66.525382 623.798904 22.485130 
119 2 632.275290 103.513113 632.821279 154.507267 
120 2 938.672795 193.810289 927.615240 191.040018 
121 2 522.494843 501.026654 493.487392 501.342665 
122 2 626.640023 137.512946 627.573673 127.414358 
123 2 562.722859 144.430571 561.095826 162.642569 
124 2 647.848015 235.459022 651.735274 268.472297 
126 2 634.899331 249.484805 634.365949 235.467050 
127 2 477.212593 268.536400 476.163311 231.424699 
128 2 507.804169 291.484377 500.460323 148.502038 
129 2 630.724727 71.452942 633.943849 86.825861 
130 2 519.604590 87.495190 518.868215 71.483066 
131 4 639.347178 81.500508 639.423677 104.503579 640.257719 105.464411 641.058835 122.520721 
132 2 559.929512 124.467940 561.362022 143.659584 
133 2 633.128335 157.463825 636.071345 208.582251 
134 2 595.159134 268.528606 592.554785 237.495402 
135 2 631.653158 248.489038 632.731470 263.555006 
136 2 725.515162 258.406436 726.720085 271.479715 
137 2 654.020759 356.546318 652.077926 336.444145 
138 2 652.411844 412.432753 654.701904 443.485110 
139 2 608.695214 82.480546 610.086514 96.441550 
140 2 561.778998 224.292726 563.112901 232.236659 
141 2 669.310525 245.579297 671.036162 271.464256 
142 2 28.414019 460.406259 29.764634 473.575418 
143 2 674.348118 59.514323 672.376337 38.605968 
144 2 631.251217 194.553434 630.393347 174.504564 
145 2 590.410987 222.537525 590.948964 209.477302 
146 2 643.946427 352.539883 640.987123 311.464905 
147 2 27.256840 445.496574 27.235453 459.501123 
148 2 609.515742 485.566930 608.351246 468.442115 
149 2 647.180224 266.442429 645.828580 250.472191 
150 2 596.045123 287.532927 594.738542 269.482733 
151 2 639.839941 350.476298 641.232526 370.448925 
152 2 550.741806 130.424552 554.686158 143.065953 
153 2 588.408835 189.534470 586.891037 141.487647 
154 2 623.679154 252.389680 626.125270 278.535059 
155 2 608.269293 467.459815 605.815410 420.483524 
156 2 427.329478 425.547793 431.851399 441.681785 
157 2 568.082217 462.567018 566.130284 450.398894 
158 2 635.285493 292.435781 636.273337 304.518531 
159 2 659.620894 383.487502 660.664893 393.586332 
160 2 591.100106 48.495342 591.309750 30.497784 
161 2 590.583244 206.593697 588.933854 190.455658 
162 2 705.512332 330.497811 708.357758 346.525253 
163 2 603.940452 382.461131 601.823398 358.471461 
164 2 250.262918 379.512444 251.681693 406.542951 
165 2 611.817557 538.523585 610.848655 510.487951 
166 2 607.183022 46.452974 608.357387 63.509819 
167 2 656.290392 341.437844 657.637479 358.567828 
168 2 651.408898 455.506488 648.341932 412.440042 
169 2 466.387724 14.443213 465.966051 0.425816 
170 2 227.329916 20.511182 226.003437 0.335409 
171 2 677.269475 33.513888 678.473638 53.501588 
172 2 539.048843 44.482374 538.631788 31.495768 
173 2 595.021423 31.495512 594.871303 47.503482 
174 2 491.203871 105.593164 489.306113 99.560998 
175 2 640.349432 183.549729 639.871159 172.483958 
176 2 618.310608 219.512295 616.880044 197.475329 
177 2 632.198661 299.649145 629.784190 278.582038 
178 2 646.708439 387.559805 644.137200 353.527411 
179 2 655.699565 380.584905 654.628382 370.486382 
180 4 833.155539 391.447115 834.401542 383.331355 834.094254 383.045729 831.057801 379.073596 
181 2 626.291618 176.427273 627.219386 186.525781 
183 2 689.306602 254.480405 688.303695 264.378790 
184 2 685.229719 269.511800 684.223650 246.468406 
185 2 598.850060 316.566965 597.197837 300.531133 
186 2 685.437857 329.354282 687.352677 341.678264 
187 2 657.123861 359.548108 659.814803 380.587636 
188 2 657.856028 497.485990 658.800560 521.488172 
189 2 562.520414 109.345157 560.393710 122.799339 
190 2 659.346034 177.447147 657.848659 153.478219 
191 2 677.967371 248.420596 680.363340 262.523218 
192 2 634.033241 329.532818 631.859414 298.615351 
193 2 671.492330 327.537733 671.949415 315.517089 
194 2 582.254870 211.521632 580.400536 190.508777 
195 2 613.751716 51.487910 614.281115 62.510513 
196 4 241.276155 130.531898 241.686434 120.548759 248.348142 136.694364 240.954802 130.917895 
197 2 611.356969 194.506360 610.822490 182.485661 
198 2 557.972781 412.467323 557.536760 419.502278 
199 2 603.643073 529.495482 603.106720 512.512420 
200 2 576.288871 3.420649 577.005967 10.549694 
201 2 559.892062 36.461067 561.386608 51.511260 
202 2 619.731498 36.488119 620.399578 49.505154 
203 2 629.795831 268.468562 627.671833 248.481739 
204 2 632.016852 503.498336 631.972067 516.501626 
205 2 610.336493 107.505441 610.902645 124.519877 
206 2 664.340133 237.363904 662.420342 225.512904 
207 2 600.991355 249.473191 600.009179 231.472218 
208 2 617.004102 244.536540 617.956819 257.466340 
209 2 631.754270 345.479052 634.065679 373.535781 
210 2 692.996245 395.485317 693.470126 411.500884 
211 2 545.278733 36.493130 544.564360 59.501998 
212 2 607.339936 117.504435 606.896939 101.516710 
213 2 549.702280 110.273369 548.026488 123.566372 
214 4 514.513829 423.730848 508.475593 424.092577 508.071536 420.209317 502.427630 420.944183 
215 2 655.155687 529.509854 654.640168 511.495989 
216 2 571.681507 212.519796 570.268544 225.474756 
217 2 665.995601 38.586027 669.063591 56.574431 
218 2 597.112465 186.528506 595.857945 169.473670 
219 2 584.482058 189.501373 585.401174 201.507566 
220 2 651.153301 330.512290 650.016586 298.446238 
221 2 609.840365 493.552100 609.200019 485.444710 
222 2 568.003998 166.527922 569.244892 188.570656 
223 2 710.498757 297.500098 709.156623 280.527152 
224 2 636.923596 311.467084 638.634893 333.489518 
225 2 606.578465 511.497034 607.334751 531.506246 
226 2 227.950213 129.539333 227.290127 103.530706 
227 2 638.441413 128.505645 636.991028 113.452688 
228 2 593.556195 193.492980 595.554998 209.493129 
229 2 561.953633 527.442733 562.138547 522.449581 
230 2 651.834409 274.479018 653.154697 295.521666 
231 2 662.142722 289.524750 663.112705 303.526830 
