28 89.150961 14.976527 90.668076 47.126069 -230.550612 31.879361 321.464605 321.464605 0.000000 6.230364 0.047430 
37 21.589580 330.451791 20.501110 342.427456 12.370499 339.006865 18.791715 18.791715 -0.000000 5.535128 0.398227 
42 31.838914 44.979748 31.944585 65.010843 -646.628575 48.766933 678.854817 678.854817 -0.000000 6.277603 0.023934 
44 91.292853 54.921634 91.168705 74.187955 -68.210763 59.762567 159.290423 159.290423 -0.000000 6.252845 0.090264 
53 31.946770 44.008745 28.577258 31.973349 191.027350 42.874804 158.660378 158.660378 0.000000 3.134465 3.208599 
59 30.624427 399.187434 30.975697 417.002810 -158.358795 408.417978 189.337348 189.337348 0.000000 6.234381 0.045311 
69 8.232836 110.021245 16.586166 97.670888 35.308887 105.856048 28.052271 28.052271 -0.000000 2.988956 3.553733 
78 57.388378 59.373697 61.426953 73.015893 -147.862008 63.540130 209.608652 209.608652 0.000000 6.262889 0.045245 
82 87.987626 368.591176 68.629523 370.165077 78.999323 114.845084 254.294866 254.294866 0.000000 1.535389 1.611389 
83 29.853171 390.392564 12.637936 383.451734 26.415622 373.259157 17.043095 17.043095 0.000000 1.372791 2.504659 
91 81.740053 749.093278 87.874982 761.050092 65.721569 756.867534 22.337542 22.337542 0.000000 5.831342 0.186603 
108 14.290413 722.948760 22.403037 768.928889 -424.741183 823.757187 450.099410 450.099410 -0.000000 6.057482 6.161176 
115 13.585875 722.508605 8.522417 705.058203 16.394164 712.444503 9.256008 9.256008 -0.000000 1.842915 3.895186 
127 86.891237 683.011064 82.152989 693.254298 72.651800 689.997534 15.541809 15.541809 -0.000000 5.827052 0.330223 
