1 4 6.657714 370.496998 5.837884 600.504769 5.743676 601.498041 5.308564 769.502094 
2 6 7.255012 225.493050 7.420871 243.509934 7.693355 244.466942 7.433711 266.510998 7.859660 267.141131 7.049271 277.619816 
3 2 68.560034 71.500023 68.549717 98.500401 
4 2 68.038049 224.491780 67.582520 305.506087 
5 2 7.574342 194.486079 7.357324 224.506198 
6 4 7.135556 278.498423 6.962427 318.506328 7.020501 317.497132 6.977643 369.501218 
7 2 68.857489 0.504617 68.633041 66.503853 
8 2 39.444672 0.499777 38.503456 233.504053 
9 2 38.515201 234.495978 36.330437 769.503391 
10 2 68.482222 98.500924 68.404177 181.499910 
11 2 67.581140 307.500334 67.366854 359.503572 
12 6 8.400705 27.494165 8.595129 57.505862 9.355016 54.348669 8.136822 71.615480 8.488582 0.490676 8.743487 27.516567 
13 2 7.954241 157.498923 7.883222 193.502728 
14 2 90.390317 267.503407 90.451580 251.495988 
15 2 7.805423 142.443586 7.590535 156.516652 
16 2 67.311905 385.497593 67.293658 394.503634 
17 2 67.136825 395.498628 65.723555 769.504623 
18 2 32.477338 140.511765 32.292898 124.479374 
19 2 90.372566 307.500173 90.376254 267.499896 
20 2 32.034263 159.528238 32.366458 141.479137 
21 2 90.809368 16.571064 91.243556 2.461336 
22 2 67.379096 360.487440 67.109819 384.518039 
23 2 61.912079 59.512184 62.421338 0.490693 
24 2 8.259203 110.465779 7.931343 141.515114 
25 2 30.711680 474.523731 31.554289 431.501063 
26 2 32.341693 123.502467 32.284154 96.491939 
27 2 31.462857 383.502910 31.350603 343.497613 
29 2 90.473428 250.502922 90.674583 183.494520 
30 4 89.614284 442.511650 90.367309 370.488157 88.181525 467.592929 89.019447 443.414036 
31 2 32.170778 95.597814 32.493857 83.473190 
32 2 90.199208 332.500501 90.190735 310.499734 
33 2 61.156546 251.510284 61.481794 167.496058 
34 4 31.455690 335.512218 31.780690 283.489259 31.674262 286.517219 32.195140 190.492922 
35 2 32.388609 80.501457 32.367628 64.498862 
36 2 60.448363 447.522059 60.006750 426.468395 
38 2 8.410554 72.473039 7.971245 106.518984 
39 2 89.776626 55.445902 90.360462 47.639136 
40 2 30.768168 169.714975 31.121302 159.418419 
41 2 60.306502 474.502481 59.973142 448.506756 
43 2 32.012111 189.500638 32.002682 167.500642 
45 2 31.242509 399.533655 31.653709 390.461641 
46 2 70.496170 355.247588 88.507197 354.974268 
47 2 59.581490 95.415745 43.447155 94.203121 
48 2 32.698196 35.524181 33.405474 0.477911 
49 2 80.856971 395.463030 81.544628 383.502566 
50 2 68.194206 181.504653 67.912665 223.509469 
51 2 90.864744 87.506798 90.810633 74.490395 
52 2 89.503233 498.500678 89.482830 468.499332 
54 2 90.782114 182.509538 90.604352 150.493868 
55 2 59.506348 601.516264 60.193530 474.492932 
56 2 61.536940 150.520906 62.060340 74.490089 
57 2 61.436166 166.524322 61.067418 150.395576 
58 2 90.833093 105.511870 90.984693 88.486507 
60 6 29.395868 490.936187 24.439609 489.752964 25.420234 490.767415 19.382926 491.424778 31.118424 492.046078 30.029367 489.290764 
61 2 90.124469 353.499611 90.145170 333.498598 
62 4 72.074789 67.214794 69.135475 71.596981 84.572740 59.595820 72.778341 68.549368 
63 2 61.156229 266.506622 61.082217 251.487275 
64 2 30.128375 707.505386 30.644387 551.497170 
65 2 60.097889 425.508728 60.747934 306.495892 
66 2 88.480228 358.317453 70.466579 357.881756 
67 2 60.840172 306.488568 61.108764 267.490418 
68 2 31.412611 430.527190 31.085876 417.460345 
70 2 90.913477 149.502898 90.999598 107.496924 
71 2 11.217525 380.185670 28.568493 387.333742 
72 2 88.799783 539.514781 89.027578 519.483256 
73 4 20.372039 495.998617 29.540499 493.658684 8.770147 489.170286 22.254275 495.062349 
74 4 88.153368 518.489690 88.745054 498.596518 84.633073 497.514857 84.461458 487.500660 
75 2 30.581141 535.509230 30.948454 492.486753 
76 2 43.483951 91.561510 56.526327 91.758697 
77 2 24.949574 451.445382 26.728007 433.522625 
79 2 88.123924 679.504035 89.029500 539.490489 
80 2 9.176701 427.894154 25.460507 431.670306 
81 2 90.047351 369.495760 90.197303 353.487797 
84 2 59.063538 685.518386 58.627452 651.447172 
85 2 58.727948 769.516947 59.163824 686.492985 
86 2 59.122643 650.504450 59.183004 628.493646 
87 2 87.951123 753.537075 88.402847 711.488213 
88 2 30.289748 550.637581 30.841482 535.439790 
89 2 75.568371 62.592556 84.089479 56.297992 
90 2 59.189636 627.503748 59.147463 601.503816 
92 2 79.930940 593.230273 68.237150 617.901426 
93 2 88.028214 689.537853 88.252843 680.469108 
94 2 73.552346 372.390047 71.337266 391.481119 
95 2 72.346453 602.966047 83.777979 582.203639 
96 2 88.262728 710.531594 87.802086 692.492286 
97 2 29.794393 769.504725 30.020770 707.494600 
98 2 31.258310 488.519636 31.036968 474.523137 
99 2 86.570707 769.973698 87.280832 760.873049 
100 2 14.556548 438.467188 10.258444 431.059910 
101 2 69.567334 610.527156 72.622205 602.952593 
102 2 11.042622 704.954029 18.388882 728.534617 
103 2 15.928700 437.464317 14.991561 452.468243 
104 4 11.441501 484.600747 19.595555 489.335435 18.560114 488.238510 24.520621 487.753331 
105 4 16.499722 451.558529 23.504307 451.591741 23.162876 454.131563 25.113354 452.084381 
106 2 19.082468 484.115208 25.241883 478.283583 
107 4 27.907844 31.206736 18.443153 36.668636 18.854250 37.010004 13.446663 35.724337 
109 2 70.314048 395.325286 79.248469 393.911007 
110 2 29.386961 2.984006 14.028681 6.348543 
111 2 18.302352 730.355932 22.633292 754.476066 
112 2 53.865066 427.225458 47.374302 418.594529 
113 2 10.029356 442.484142 9.725327 451.507592 
114 2 70.428057 519.295439 82.510112 520.388196 
116 2 14.411350 24.300975 27.026468 18.681961 
117 2 84.455080 522.453021 69.441301 521.745354 
118 2 14.511391 1.632813 28.494300 0.433544 
119 2 9.473023 404.512551 13.244328 412.618945 
120 4 52.982855 88.140641 50.076019 81.256766 50.137949 80.616617 51.263958 74.456851 
121 2 49.989296 123.757467 56.864445 110.691771 
122 4 79.610156 33.553246 80.476097 15.498854 81.457394 15.328289 82.125192 7.384427 
123 2 50.821753 137.479538 50.121011 126.460508 
124 2 51.106904 70.521473 50.891250 46.487517 
125 2 23.676654 49.513177 24.657594 36.362570 
126 2 81.034101 187.529160 80.535406 162.459511 
128 2 81.264473 146.556348 82.459050 130.349565 
129 2 24.415558 153.484865 26.040731 144.417682 
130 2 26.943946 90.567652 25.955662 82.444563 
131 6 22.429486 74.604875 23.110535 68.568887 24.594525 67.570039 23.659944 55.487628 25.534357 54.466974 22.594746 51.408924 
132 4 79.966516 117.014952 81.030770 113.984095 80.210895 119.502290 80.201887 110.498297 
133 4 85.280502 80.176459 81.156507 70.227858 80.957720 69.552008 81.419172 65.490816 
134 2 22.391231 220.538174 22.779681 211.469147 
135 2 49.083264 166.388358 52.533580 153.508996 
