1 2 20.321998 225.502135 20.585619 0.498929 
2 2 55.047002 242.503563 55.604360 0.497937 
3 2 55.451314 344.505923 54.965537 258.497371 
4 2 90.975328 352.506850 91.537172 231.495530 
5 2 55.587280 567.501073 55.326255 345.499029 
6 2 55.567521 257.532016 55.049583 242.446796 
7 2 20.366851 567.501298 19.975041 225.497165 
8 2 91.111092 228.499524 91.346063 36.498588 
9 2 70.488524 107.499875 70.522504 375.499870 
10 2 33.508849 104.499910 33.495795 247.500091 
11 2 33.505527 251.500001 33.481318 475.500106 
12 2 91.387791 532.500915 91.242113 355.500212 
13 2 91.470881 567.502959 91.574515 533.497180 
14 2 0.700657 171.499985 0.698906 263.500004 
15 2 1.619654 0.486691 0.479974 161.499858 
16 2 0.569646 161.498504 0.763303 170.515821 
17 2 33.330399 0.497660 33.507923 63.499978 
18 2 0.864424 264.499199 0.811471 306.500393 
19 2 0.272124 307.501422 1.894325 567.516256 
20 2 48.010935 124.300499 51.928181 134.332811 
21 2 33.484905 71.497562 33.566579 104.497360 
22 2 71.041363 0.495583 70.889933 50.501181 
23 2 90.603489 229.754112 79.350040 230.682748 
24 2 70.396976 383.497902 70.677616 503.506600 
25 2 89.056233 38.324692 73.646938 48.717855 
26 2 71.309816 52.512678 70.448737 107.514853 
27 6 48.429745 129.689214 43.709226 127.936500 43.648886 128.015933 40.484843 120.506386 40.656033 120.134114 37.597096 110.469269 
28 2 52.064131 141.283532 47.871575 130.357420 
29 4 73.194358 46.088931 90.366717 33.320743 90.347599 34.507166 90.234366 0.494226 
30 2 73.853283 373.997962 90.041742 353.144260 
31 2 33.704812 64.506823 33.470763 71.532340 
33 2 53.891193 536.968208 40.347629 524.667770 
34 2 33.518478 499.496603 33.283140 567.502710 
35 6 51.912320 453.773313 38.273018 474.349541 38.691369 473.978904 34.260442 485.001725 34.844392 484.866463 33.318527 494.627948 
37 2 16.701112 472.438397 8.429635 470.871434 
38 2 70.364238 503.287622 77.133900 530.835705 
39 2 51.364800 246.822915 32.517250 250.586388 
40 2 88.917057 362.815201 75.415199 380.680135 
41 2 40.086941 110.294864 44.991596 124.328187 
42 2 74.401366 224.257239 87.651784 218.873576 
43 2 70.182773 514.475477 70.581206 525.568916 
44 2 86.440870 252.149843 73.367130 250.960256 
45 2 77.465358 319.556437 87.849570 325.930504 
46 2 71.373101 526.427768 72.960733 567.597921 
47 2 5.356466 268.138014 16.575172 263.689579 
48 2 36.152056 518.014804 44.427165 523.607764 
49 2 34.851871 496.092706 43.468324 503.536665 
50 2 80.129163 154.095837 82.953928 158.493168 
51 4 87.828538 328.512514 83.328540 327.015358 82.914583 326.940096 76.002185 321.821787 
52 2 90.219174 536.192354 81.374734 545.379405 
53 2 72.519119 204.585828 83.847997 202.062202 
54 2 73.185512 155.288910 79.079752 150.167199 
55 2 39.146735 527.483820 37.540741 562.547668 
56 2 73.401551 244.639758 79.963244 249.261978 
57 2 39.451109 72.319505 51.640266 69.017838 
58 2 49.986169 71.433165 49.275317 87.534230 
59 2 83.208615 94.438626 83.640963 113.519465 
60 2 77.907470 530.561133 78.171370 537.435841 
61 2 39.013279 19.498755 39.066653 41.501051 
62 4 37.387413 309.341183 43.267827 305.172493 43.485541 304.838578 50.515426 305.138799 
63 2 8.848529 176.373184 9.620556 184.582703 
64 2 44.679496 191.537115 42.375277 202.680981 
65 2 11.583932 91.415340 11.348501 99.524634 
66 2 12.021420 496.412656 9.805241 508.555708 
67 2 42.253585 382.598178 44.222985 407.600588 
68 2 48.359468 52.483790 46.967212 64.553892 
69 2 11.523665 240.265126 13.685438 249.686897 
70 2 37.893369 270.486100 38.212232 279.510168 
71 4 82.657358 424.399128 83.191436 430.526894 83.449197 430.314622 83.046649 432.596437 
72 2 84.971690 65.416617 84.439154 81.563953 
73 2 11.269699 120.253939 8.908553 141.655401 
74 2 43.985807 209.428629 43.130930 215.587575 
75 2 39.037440 0.497407 38.947729 16.502510 
76 2 9.343321 185.668886 7.918419 192.784056 
77 2 44.108807 262.508759 43.792371 284.504206 
78 2 43.566785 294.526783 43.824047 303.490700 
79 2 39.080240 42.499489 39.055915 62.499460 
80 2 81.614660 193.065921 80.474207 200.646563 
81 2 81.908198 159.496895 72.301946 165.164299 
82 4 10.935699 103.110028 11.900717 106.662781 11.380070 106.482631 11.347166 110.498748 
83 2 45.523316 330.498235 46.588287 344.569005 
84 2 45.342482 428.825379 40.920073 440.276024 
85 2 37.551999 562.500933 37.461988 567.517262 
86 2 83.021063 122.454316 82.246824 130.571236 
87 2 44.258173 132.388641 43.304398 151.589630 
88 2 83.531711 210.499534 83.530289 216.500007 
89 2 43.941039 203.429832 44.278714 210.364698 
90 2 49.952969 419.442946 50.348115 429.505964 
91 2 87.862725 425.524436 87.187562 435.546320 
92 2 8.263676 162.576552 6.973504 175.447223 
93 2 49.972588 97.376850 49.386013 104.652063 
94 2 81.542457 130.884575 82.593773 137.790205 
95 2 43.048592 167.449603 43.976294 177.548110 
96 2 9.029895 196.393853 7.931713 211.603375 
97 2 11.045777 309.482891 10.624956 320.655370 
98 2 11.249122 193.437322 10.543657 196.261075 
99 2 10.857824 406.417227 9.921284 413.683195 
100 2 48.761708 408.316917 47.780309 417.634847 
101 2 41.551970 180.476881 45.224668 188.732768 
102 2 17.061099 266.742809 1.975648 273.553538 
103 2 83.012371 389.480697 82.612434 399.583623 
104 2 81.702703 436.519337 80.464706 449.496633 
105 2 43.784206 356.351405 51.035342 370.220101 
106 2 15.436056 180.497785 15.054202 191.519201 
107 2 47.776717 107.185843 49.242909 117.811449 
108 2 47.019765 0.363121 46.002727 11.361545 
109 2 39.100819 61.476775 38.633567 69.507771 
110 2 10.872917 232.326178 8.785616 239.856361 
111 2 82.601616 471.441252 81.746604 484.516126 
112 2 13.721642 47.231521 12.169642 51.730980 
113 2 15.363251 120.400347 16.427993 129.623752 
114 2 47.598785 471.405984 46.844097 478.640219 
115 2 49.760682 196.455751 48.315097 220.608636 
116 2 10.419713 451.262370 8.602718 459.522595 
117 2 88.478159 526.724649 77.484849 525.655832 
