48 89.310441 659.109355 89.092230 649.625920 858.348218 642.736836 768.396787 768.396787 0.000000 3.120306 3.132637 
54 26.913666 438.959868 26.320671 455.011846 -94.528939 444.602867 121.507575 121.507575 -0.000000 6.236752 0.085920 
61 60.515643 221.806293 56.792191 231.116667 31.444784 226.343937 28.716456 28.716456 -0.000000 6.128346 0.186114 
69 65.534233 474.008861 65.866975 453.948034 197.542874 463.507981 131.874448 131.874448 0.000000 3.062213 3.214068 
86 58.611937 396.788039 59.334314 409.097748 -9.167918 404.188942 68.924586 68.924586 0.000000 6.174426 0.071537 
88 82.374499 443.692435 89.575915 460.072597 23.003038 449.775701 67.741703 67.741703 -0.000000 6.181081 0.153455 
96 80.780646 498.833739 88.730227 516.162931 70.911508 509.410633 19.939665 19.939665 -0.000000 5.463185 0.362224 
100 36.740513 793.644504 32.378379 779.999069 145.399232 284.887134 525.227637 22.162874 -1.357163 1.781212 1.795224 
101 53.202006 336.818901 58.837818 342.020649 51.078634 340.072640 8.821392 8.821392 -0.000000 5.290586 0.245975 
102 42.236581 159.353390 33.670852 142.937615 53.986661 150.573581 20.893911 20.893911 -0.000000 2.499878 3.501120 
107 33.140020 672.999486 32.963881 624.992794 568.265604 645.622693 535.568281 535.568281 -0.000000 3.090478 3.180112 
108 22.798170 171.205732 26.978704 179.949689 -15.045584 176.546076 42.768968 42.768968 -0.000000 6.142995 0.080815 
111 55.587570 707.227738 37.482312 708.523165 45.834127 690.987220 19.273221 19.273221 0.000000 1.029963 2.015279 
112 5.671504 433.955534 4.687205 396.955116 267.403273 412.401691 262.807739 262.807739 0.000000 3.059427 3.200321 
132 9.252886 278.814582 23.146665 252.135174 55.614281 286.648993 46.451301 46.451301 0.000000 3.308997 3.957530 
139 8.814799 218.663011 9.402728 234.403305 -9.926661 226.392901 20.702630 20.702630 -0.000000 5.891994 0.392872 
