1 2 59.858513 702.537410 58.467482 641.500741 
2 2 65.913164 728.492366 65.494532 815.509596 
3 2 26.723648 803.603269 24.353554 785.785517 
4 2 66.112036 679.499024 66.077583 728.498297 
5 2 3.985829 800.465631 3.780067 815.517499 
6 2 4.489826 681.496663 4.099988 799.505286 
7 2 32.936234 674.496172 33.216109 779.503422 
8 2 89.855165 650.512501 90.131271 598.492735 
9 2 35.304016 30.479652 35.890730 82.495593 
10 2 42.540050 699.082435 50.657204 699.860974 
11 6 26.575073 815.562014 26.216912 804.444687 21.215648 806.434537 20.745480 801.294598 20.363428 800.662370 13.308171 794.728064 
12 2 59.962001 221.509760 60.221418 129.493576 
13 2 67.272283 327.499497 67.190502 364.503736 
14 2 66.011916 637.489427 66.881951 679.616029 
15 2 66.273879 477.476329 66.634821 504.524889 
16 2 66.303048 583.499035 66.087393 627.507779 
17 2 90.573875 399.500622 90.527379 255.499345 
18 2 34.719849 417.476185 33.683403 625.510878 
19 2 66.962388 382.493929 66.363583 435.521044 
20 2 5.044889 502.493898 4.394804 657.507946 
21 2 89.276746 815.514407 89.754198 723.490942 
22 2 90.056735 597.509512 90.270731 517.494038 
23 2 32.917423 790.496142 32.985493 815.504122 
24 2 67.229058 230.498773 67.264540 280.503005 
25 2 90.833618 254.502538 91.214180 204.482609 
26 2 60.506041 20.562197 61.005480 4.453663 
27 2 68.035999 0.486703 67.610085 175.502701 
28 2 26.465085 785.501838 26.617482 705.496414 
29 2 34.861207 127.507380 34.554044 142.541965 
30 2 27.487866 426.503313 27.320911 375.497313 
31 6 89.077638 695.510211 89.502701 671.464693 89.424575 671.777359 90.232894 660.339778 89.831451 715.556955 89.143731 695.409757 
32 2 66.828213 301.493223 66.726828 326.504973 
33 2 28.124634 102.502641 28.556009 0.491779 
34 2 35.532972 83.485028 34.943817 121.537837 
35 2 5.600057 112.495229 5.366734 156.504595 
36 2 34.473475 345.477470 35.159295 405.549556 
37 2 59.587136 283.500548 59.571965 230.499407 
38 2 66.414518 364.483271 66.726065 381.514158 
39 2 4.537635 658.494479 4.472932 681.494297 
40 2 35.047225 406.340473 34.748073 416.565770 
41 2 90.371087 444.579747 90.930031 424.456393 
42 2 90.261866 722.663841 89.361088 715.856737 
43 2 36.930957 0.114122 35.198912 29.599797 
44 2 66.594286 437.490863 66.736290 454.498027 
45 2 91.433007 117.500478 91.405933 0.498865 
46 2 67.446101 188.480557 67.114446 223.515283 
47 2 90.019445 418.517980 90.645332 400.435803 
49 2 27.538485 375.501689 27.736944 253.497132 
50 2 66.785038 282.498169 66.810683 300.500982 
51 2 60.642590 102.511072 60.911400 50.491791 
52 2 91.146419 175.505301 90.923118 118.482679 
53 4 5.500399 165.499062 5.481638 185.500921 6.255518 156.494974 6.281309 165.503489 
55 2 60.096408 128.575989 60.831732 103.451175 
56 2 36.123436 159.448169 35.439574 177.610682 
57 2 0.720904 815.507419 0.606560 803.498985 
58 2 5.423444 186.497531 5.205559 281.501618 
59 2 28.001610 188.542128 28.228233 180.464321 
60 2 60.530252 49.500858 61.098484 29.460261 
62 2 67.421070 175.555037 67.077561 187.545196 
63 2 34.489700 332.433751 34.896561 344.653276 
64 2 41.031718 682.484897 41.543378 700.498768 
65 4 66.580266 505.497681 66.524686 551.502446 67.037573 551.482021 66.741962 575.527562 
66 2 59.552645 312.528326 59.812872 284.484345 
67 4 91.243829 181.546459 91.379071 176.470136 88.235037 177.668018 87.209198 176.050283 
68 2 26.342178 702.507644 26.157888 650.483500 
70 2 60.442131 28.578342 61.040815 21.378663 
71 2 26.794177 649.503098 27.258532 455.501816 
72 2 66.429082 628.386973 66.091516 637.558577 
73 2 35.168607 186.493128 35.308654 220.500788 
74 2 35.062332 219.505278 34.831625 331.504803 
75 2 60.816875 3.514021 60.953262 0.431563 
76 2 59.461392 338.507211 59.649052 313.486118 
77 4 65.763873 576.457608 66.001771 583.550253 67.871289 576.275833 75.760469 589.342741 
78 2 6.208995 0.490591 5.487420 99.499908 
79 2 5.071785 439.505326 4.861695 501.504614 
80 2 90.681019 203.505163 90.777196 181.505584 
81 2 25.534294 436.883521 6.507588 438.584856 
82 2 59.135701 397.498868 59.303560 343.493173 
83 2 90.160198 502.511919 90.002137 471.482161 
84 2 58.615945 815.510349 59.154051 705.493417 
85 2 27.861854 236.512939 28.092063 194.492287 
87 2 58.809398 641.501246 58.934553 409.500774 
89 2 83.475524 432.491393 67.724956 477.282396 
90 2 51.625654 698.499796 51.593152 678.499849 
91 2 57.497760 26.489376 43.286166 29.485827 
92 2 5.899369 99.539431 5.561504 111.529911 
93 2 28.030617 176.509764 28.285894 136.492255 
94 2 5.371707 281.496672 5.032442 396.504521 
95 2 90.497427 470.634832 89.800093 460.277806 
97 2 43.287509 26.441977 57.516905 23.584174 
98 2 8.553671 809.927313 23.691663 808.025961 
99 4 66.698380 223.499817 66.704830 230.499811 76.272958 222.247595 68.370479 229.356011 
103 2 28.018255 133.503681 28.103587 121.490081 
104 2 34.484292 177.481823 34.566729 186.481068 
105 2 21.553836 813.170189 9.501891 813.558662 
106 4 54.003330 743.719046 37.941257 733.366931 56.028787 748.985423 49.611785 742.391219 
109 2 27.706996 439.452177 27.230710 427.431426 
110 2 82.391030 427.743919 84.961875 418.352689 
113 2 37.304391 728.099465 54.282629 740.790795 
114 2 27.966598 253.530640 27.627045 236.537425 
115 2 75.773371 589.780584 84.074543 611.278143 
116 2 81.994759 612.688031 77.136965 599.635107 
117 4 52.644808 676.545191 44.528177 675.314211 44.615463 674.891729 40.392817 676.136364 
118 2 6.479700 435.009611 25.529847 434.221010 
119 4 28.199316 120.500994 28.223488 103.498185 23.228162 108.760392 25.584022 102.172445 
120 4 14.648089 146.530937 16.091110 139.623488 15.219672 140.352635 18.684263 136.673519 
121 2 70.896320 800.714197 82.585286 779.086558 
122 2 76.906310 217.863992 84.637453 210.647251 
123 2 76.446372 599.520046 72.676238 589.434122 
124 2 84.786299 174.865904 75.435090 170.643764 
125 2 81.998091 785.772688 69.773440 808.102234 
126 4 34.280747 121.404425 35.048687 127.677663 38.673286 121.960544 40.714995 126.401149 
127 2 6.893855 273.128700 23.285865 246.368830 
128 2 24.925544 142.338341 18.136737 145.784355 
129 2 12.359872 8.983188 24.800944 5.609924 
130 2 17.533352 781.328889 13.699180 767.606141 
131 2 85.092210 214.113048 76.956327 221.972384 
133 2 40.478658 605.713205 50.510736 605.889680 
134 2 18.441825 784.669739 16.079085 781.989511 
135 2 41.657519 128.511568 40.697229 141.587921 
136 2 82.304465 626.496813 82.500285 614.483704 
137 2 14.588653 147.938666 9.812702 155.692605 
138 2 43.244925 615.495065 42.954432 630.508793 
140 2 38.769382 693.499279 38.721209 675.499408 
141 2 54.905067 70.821187 50.624745 62.892782 
142 2 84.437836 51.102557 74.418643 51.362348 
143 2 9.286640 108.666791 13.715168 114.331796 
144 2 41.622626 720.402163 49.609502 730.412634 
145 2 83.921073 243.696593 77.569384 240.367616 
146 2 73.603304 425.494874 74.100723 435.519811 
147 2 11.531301 33.472173 17.655894 40.361409 
148 2 74.226632 44.828693 84.603281 43.131433 
149 2 70.746935 283.425597 75.030251 297.641537 
150 2 15.931924 218.519976 15.285826 232.490095 
151 4 15.448220 234.493230 14.017435 245.436909 12.894333 245.175641 10.977155 248.755536 
152 2 48.950411 570.502890 48.913575 563.497825 
153 2 45.728870 629.504969 46.054866 614.490335 
154 2 74.251979 361.468715 72.870519 372.420598 
155 2 17.163141 211.345792 21.262392 202.391227 
156 2 70.197322 675.650972 75.587020 686.456595 
157 2 43.202661 276.557106 45.311272 287.536246 
158 2 72.166973 306.566336 72.909115 321.479641 
159 2 81.042160 470.685317 83.401555 463.782725 
160 2 20.267692 723.500645 20.209393 702.498031 
161 2 15.062358 735.508534 14.886554 726.492463 
162 2 19.679407 763.512061 20.558445 750.436701 
163 2 51.200275 773.490401 51.118050 767.491529 
164 2 51.212801 758.518203 50.766916 751.483083 
