1 2 9.499998 7.492652 100.500275 7.466752 
2 2 115.498517 7.493308 170.499887 7.575422 
3 2 196.500000 7.470987 206.500000 7.470987 
4 2 8.498022 162.500000 8.498022 8.500000 
5 2 101.501978 8.500000 101.501978 162.500000 
6 2 114.498022 162.500000 114.498022 8.500000 
7 2 195.512105 109.500209 195.490787 8.499791 
8 2 207.501978 8.500000 207.501978 162.500000 
9 2 100.500142 163.514677 9.500000 163.501519 
10 2 182.498017 163.170616 115.494425 163.573990 
11 2 206.499949 163.494624 193.491694 163.616985 
12 2 88.633528 161.515908 89.767046 9.494535 
13 2 174.548325 84.499766 174.582232 91.504442 
14 2 129.555086 103.486344 129.415889 133.504247 
15 2 23.484852 9.499885 23.502439 160.500116 
16 2 129.484964 9.491427 129.375034 22.507390 
17 2 129.380079 133.497352 129.461327 160.503125 
18 2 129.539762 60.500172 129.374949 98.503794 
19 2 138.426263 37.493596 138.509270 49.499936 
20 2 177.551776 99.500067 177.527258 118.500035 
21 2 171.446796 127.500833 171.572478 135.530171 
22 2 160.497216 95.389571 147.480280 95.717696 
23 2 144.562946 27.497856 144.542353 36.500097 
24 2 144.376379 66.485656 144.507551 74.499876 
25 2 159.524729 108.500081 159.492089 118.499974 
26 2 58.501076 80.395876 70.499795 80.519863 
27 2 148.501510 26.602151 158.499325 26.454336 
28 2 183.520868 27.499671 183.662552 36.497440 
29 2 155.552906 98.304253 143.473612 99.098863 
30 2 139.500000 116.498627 149.499999 116.501708 
31 2 130.500006 134.498962 140.499718 134.552568 
32 2 152.499137 125.411940 142.500097 125.509887 
33 2 177.490148 36.500071 177.562649 46.499546 
34 2 180.627442 54.480687 180.449968 62.498893 
35 2 147.212193 72.512400 147.642256 82.493871 
36 2 159.524257 133.500168 159.579541 125.500550 
37 2 157.501081 140.576597 167.513199 140.435301 
38 2 165.687881 105.509168 165.006356 119.475912 
39 2 59.500000 30.500000 59.500000 49.500000 
40 2 165.998884 37.475537 165.851455 46.522024 
41 2 162.544651 10.500451 162.423340 22.509327 
42 2 149.501549 38.621615 161.499602 38.468776 
43 2 133.500491 137.542386 143.510731 137.426431 
44 2 71.500000 104.500000 71.500000 118.500000 
45 2 163.502088 80.380804 173.481506 80.555637 
46 2 38.500000 57.500000 38.500000 76.500000 
47 2 77.500000 20.500000 77.500000 34.500000 
48 2 155.499949 128.515487 136.500154 128.453164 
49 2 171.500000 8.500000 171.500000 21.500000 
50 2 168.500000 10.500000 168.500000 22.500000 
51 2 77.500000 56.500000 77.500000 71.500000 
52 2 59.500000 111.500000 59.500000 130.500000 
53 2 162.449240 30.499886 162.420129 43.499821 
54 2 47.500000 53.500000 47.500000 67.500000 
55 2 62.500000 59.500000 62.500000 74.500000 
56 2 153.540760 54.498576 153.557179 66.499922 
57 2 165.539403 12.500087 165.517232 22.500038 
