1 67.538692 98.130289 68.065348 71.000134 664.299968 81.828011 596.367920 596.367920 0.000000 3.114282 3.159751 
2 66.911813 305.012811 67.207392 283.974814 267.296578 299.496756 200.375310 200.375310 0.000000 3.114072 3.219013 
3 68.216614 32.006400 68.464452 0.002667 504.241643 12.435630 436.193075 436.193075 0.000000 3.096738 3.170115 
4 38.105784 260.006553 38.017741 247.992542 234.443002 254.606737 196.516163 196.516163 0.000000 3.114097 3.175253 
5 68.176517 68.002704 68.261553 31.000601 611.779985 59.751584 543.912332 543.912332 0.000000 3.126415 3.194441 
6 66.688875 394.067815 66.930653 384.853640 133.291600 390.305471 66.537523 66.537523 -0.000000 3.085163 3.223563 
7 67.241025 282.000699 67.246655 271.999013 403.778088 278.199203 336.690796 336.690796 0.000000 3.130297 3.160014 
8 31.810242 126.944661 31.825966 147.009640 -469.366706 138.015901 501.367636 501.367636 0.000000 6.261098 0.017943 
9 8.097614 44.049424 7.790025 25.986547 712.078718 30.435166 704.206537 704.206537 -0.000000 3.122256 3.147909 
10 90.743556 1.961336 90.309368 16.071064 -261.044433 8.408724 352.084818 352.084818 -0.000000 6.264860 0.021805 
11 66.758656 369.009573 66.922987 355.986410 190.267123 364.285188 123.405367 123.405367 0.000000 3.103360 3.208773 
12 8.255578 25.008407 7.973025 -0.010989 710.261997 -6.326786 702.522217 702.522217 0.000000 3.096986 3.132600 
13 6.567473 252.949020 6.583751 279.035458 -496.722682 265.467370 503.664257 503.664257 -0.000000 6.258317 0.026951 
14 31.030289 431.001081 30.800799 474.204915 -208.339887 446.247403 239.432168 239.432168 -0.000000 6.219578 0.116380 
15 31.914126 96.994433 24.973031 132.992204 -255.187188 109.365922 287.197796 287.197796 -0.000000 6.240121 0.084132 
16 89.191140 14.996838 90.193641 33.001684 -80.455438 24.920581 171.479623 171.479623 -0.000000 6.224755 0.047320 
17 7.216986 153.018518 7.674075 122.979824 707.653566 146.004141 700.517874 700.517874 -0.000000 3.131579 3.174474 
18 89.867309 369.988157 87.681525 467.092929 -664.129593 396.268935 754.000821 754.000821 -0.000000 6.248344 0.093927 
19 67.869355 133.014852 67.711405 120.990655 450.066809 121.724491 382.193996 382.193996 -0.000000 3.112061 3.143512 
20 32.164784 81.889888 31.083825 97.287754 -292.844481 86.821931 324.971760 324.971760 -0.000000 6.268011 0.032298 
21 90.298031 309.071443 90.208039 331.953027 -366.551190 325.507281 456.368577 456.368577 0.000000 6.247224 0.014111 
22 90.409563 33.000009 90.447155 54.001624 -71.502990 46.393388 162.562034 162.562034 0.000000 6.200653 0.046944 
23 6.515605 319.018849 6.454683 310.988963 276.546947 313.508658 269.825547 269.825547 -0.000000 3.121190 3.150921 
24 31.802662 29.968747 31.820427 81.006977 -446.388844 56.447525 478.508025 478.508025 0.000000 6.227869 0.051312 
25 31.490550 161.015869 31.639693 147.006810 531.825702 148.987965 499.902134 499.902134 0.000000 3.117558 3.145553 
26 59.246374 425.927454 59.634713 447.111289 -267.296756 439.461979 327.338423 327.338423 0.000000 6.241761 0.023393 
27 59.473142 448.006756 59.806502 474.002481 -395.326566 462.310650 455.321574 455.321574 -0.000000 6.251745 0.025683 
28 30.827323 331.984063 30.691071 342.009392 -320.801760 334.575484 351.967201 351.967201 -0.000000 6.275816 0.021146 
29 31.059669 331.006056 31.447403 320.824765 206.636517 325.952371 175.465475 175.465475 0.000000 3.112817 3.170853 
30 91.242366 54.919912 91.113977 72.233775 -50.779386 58.864640 141.875250 141.875250 -0.000000 6.255417 0.093942 
31 88.007227 354.473230 67.996622 354.778814 78.963030 253.892030 100.970275 100.970275 -0.000000 1.481118 1.679071 
32 41.027032 93.615480 59.078420 94.884488 47.033629 260.715372 166.619366 166.619366 -0.000000 4.676458 4.784895 
33 7.773229 122.994461 7.881570 98.999465 524.455065 114.304945 517.092017 517.092017 0.000000 3.124776 3.171213 
34 32.853149 -0.022379 32.266826 30.024720 -465.132437 -6.307614 498.137894 498.137894 0.000000 0.012621 0.072915 
35 31.058789 390.966065 31.064865 414.198429 -312.469060 396.729879 343.500093 343.500093 -0.000000 6.266409 0.050806 
36 61.081572 164.000451 60.993155 179.999962 -686.767141 170.780045 747.838825 747.838825 -0.000000 6.274120 0.012329 
37 80.957879 70.014601 90.469562 82.085589 63.920956 77.138825 26.995579 26.995579 -0.000000 5.887119 0.184216 
38 6.252341 352.019697 6.378632 343.990227 557.179061 359.403110 550.849246 550.849246 -0.000000 3.154994 3.169568 
39 90.594834 93.018167 90.465238 82.993985 761.533833 90.682655 670.717518 670.717518 0.000000 3.138112 3.153050 
40 88.880154 467.958403 88.177972 506.001604 -642.049974 479.946557 731.053935 731.053935 0.000000 6.266786 0.035666 
41 6.411594 334.018526 6.325718 319.966443 353.921203 327.558270 347.401135 347.401135 0.000000 3.123005 3.163430 
42 60.580549 249.995888 60.539973 264.001564 -693.008742 251.144720 753.935058 753.935058 -0.000000 6.281661 0.017060 
43 6.474177 343.982460 12.278984 328.756308 177.124103 339.981013 170.879549 170.879549 -0.000000 3.118149 3.209580 
44 30.654750 414.977561 30.872041 431.001735 -131.095478 428.424654 162.193544 162.193544 0.000000 6.200241 0.015910 
45 87.956673 357.941771 69.948781 357.113296 81.147234 298.951631 58.595973 58.595973 -0.000000 1.455871 1.761009 
46 89.591749 336.995637 89.618695 353.002325 -168.370307 346.771164 258.065868 258.065868 0.000000 6.245308 0.024148 
47 81.611291 83.962243 90.733422 107.185914 53.296092 99.995183 37.491360 37.491360 -0.000000 5.767966 0.189763 
48 90.312729 168.010413 89.936435 153.999932 747.274247 164.938659 656.895213 656.895213 0.000000 3.136917 3.158232 
49 60.294675 350.935615 59.534901 414.007628 -511.501999 377.209493 571.641236 571.641236 0.000000 6.237268 0.064352 
50 59.357306 413.977634 60.050974 425.059405 -97.621272 420.016200 157.792503 157.792503 -0.000000 6.244737 0.031974 
51 28.068493 386.833742 10.717525 379.685670 40.566947 333.207705 54.691073 54.691073 -0.000000 1.799776 2.141688 
52 18.882926 490.924778 29.925957 490.429957 26.175198 501.919086 12.540213 12.540213 0.000000 4.126737 5.027942 
53 88.442674 518.995732 88.437244 539.010732 -131.470639 525.692238 220.474151 220.474151 -0.000000 6.252744 0.060490 
54 89.396613 53.075373 72.439518 64.141120 -87.636402 -210.495096 317.847774 317.847774 0.000000 0.979336 1.043071 
55 83.372080 503.905300 88.068517 516.053453 52.102715 510.880972 36.952691 36.952691 -0.000000 6.063696 0.142837 
56 41.004630 91.234576 60.211359 93.501790 47.972028 125.820264 34.767607 34.767607 -0.000000 4.513596 5.074408 
57 68.511114 71.212774 86.017486 58.024493 97.296933 96.473318 38.948803 38.948803 -0.000000 3.861856 4.427033 
58 65.449316 622.777721 65.246340 611.911427 173.693104 624.124688 107.961675 107.961675 -0.000000 3.154036 3.253740 
59 90.627147 121.104158 90.250810 105.993777 495.733502 108.316978 405.154612 405.154612 -0.000000 3.110038 3.147322 
60 24.979259 431.091375 6.997778 427.009788 47.841171 308.936134 124.454155 124.454155 -0.000000 1.755811 1.903827 
61 89.415777 357.985987 89.788358 369.040836 31.753676 364.329647 57.924383 57.924383 -0.000000 6.173612 0.081001 
62 87.999167 368.857190 67.731924 370.286237 76.497090 107.704039 261.474330 261.474330 0.000000 1.526781 1.604165 
63 30.075795 389.550023 12.992223 383.007126 25.825093 374.160161 15.981920 15.981920 0.000000 1.301314 2.538017 
64 58.739514 634.941259 58.504545 687.010273 -347.140497 660.699623 405.998136 405.998136 0.000000 6.219807 0.064771 
65 67.131918 326.009808 67.081171 305.997258 198.106052 313.152150 131.266537 131.266537 0.000000 3.043737 3.196146 
66 30.537125 542.888776 30.099271 554.026136 -566.226731 544.198131 596.543565 596.543565 0.000000 6.280991 0.016479 
67 87.792798 702.993811 87.536375 753.013003 -664.531031 724.796813 752.408869 752.408869 0.000000 6.254213 0.037501 
68 59.402011 629.104638 57.749039 635.455249 -4.302518 631.863613 63.637284 63.637284 -0.000000 6.239903 0.057817 
69 61.238457 71.971839 61.717278 93.029168 -291.535276 88.522791 353.196350 353.196350 0.000000 6.236303 0.012756 
70 31.356054 246.992730 31.491518 234.994259 338.632329 239.891236 306.982250 306.982250 -0.000000 3.118486 3.157535 
71 88.321134 550.991759 88.036345 609.009996 -652.843623 574.826934 741.254910 741.254910 -0.000000 6.251037 0.046106 
72 81.740053 749.093278 88.063276 761.104519 65.734384 757.199367 22.304897 22.304897 -0.000000 5.814390 0.173141 
73 69.727263 612.375288 83.266631 586.137589 514.082350 831.196126 495.369051 495.369051 -0.000000 3.599179 3.658773 
74 88.012336 642.934326 87.718764 692.006937 -466.111475 667.722449 554.137698 554.137698 0.000000 6.238481 0.043820 
75 30.262912 502.998240 30.169793 542.005180 -700.342403 520.625753 730.678711 730.678711 0.000000 6.259063 0.029258 
76 30.462840 245.534597 31.729961 252.240000 -46.326882 242.088969 78.486321 78.486321 -0.000000 0.044841 0.129321 
77 68.045203 150.007322 68.106140 132.986060 652.636820 143.945790 584.903553 584.903553 -0.000000 3.131224 3.160340 
78 87.063691 691.996830 87.609906 702.969639 66.878071 697.505888 21.425980 21.425980 -0.000000 6.016754 0.257685 
79 7.255783 163.041291 7.018066 152.999572 203.168457 154.495773 196.129462 196.129462 0.000000 3.098001 3.149220 
80 6.728227 718.081942 9.073648 705.432182 25.072937 714.272853 18.082599 18.082599 -0.000000 2.936862 3.646404 
81 30.598661 490.982200 30.445772 503.018365 -456.935405 483.583774 487.346247 487.346247 0.000000 0.015174 0.039854 
82 66.529037 369.992540 66.726804 384.017953 -330.658454 365.731985 397.828974 397.828974 -0.000000 0.010726 0.045983 
83 31.097362 491.042777 30.147179 470.993025 623.285008 456.805231 593.261793 593.261793 0.000000 3.083842 3.117677 
84 7.296261 187.030780 7.939841 159.927336 758.276472 177.456298 751.133624 751.133624 -0.000000 3.128844 3.164950 
85 87.661689 608.895849 87.581622 637.152883 -88.354903 622.752685 176.717474 176.717474 0.000000 6.204623 0.081667 
86 10.542622 704.454029 17.888882 728.034617 -100.287369 752.999063 120.341329 120.341329 -0.000000 5.870344 6.074999 
87 68.891956 608.943811 83.743262 580.386536 330.851662 734.668958 290.542161 290.542161 -0.000000 3.589065 3.699725 
88 66.907836 355.994369 67.062507 325.995166 556.229172 346.848309 489.369783 489.369783 0.000000 3.122904 3.184197 
89 89.950473 295.996684 89.915435 309.061568 6.180590 303.301737 83.758125 83.758125 0.000000 6.196202 0.068678 
90 88.487502 539.007048 88.313215 551.062357 -143.867530 541.721738 232.800778 232.800778 -0.000000 6.271502 0.040208 
91 14.268259 722.952471 22.413870 768.926671 -485.663637 836.577097 512.277675 512.277675 -0.000000 6.059702 6.150814 
92 70.842897 390.981893 73.143947 371.016590 121.425040 386.022579 50.079053 50.079053 0.000000 3.043860 3.442932 
93 12.360746 6.288995 28.858258 2.398887 34.541362 57.467496 55.436354 55.436354 0.000000 4.303427 4.609553 
94 21.473333 34.372797 11.650646 33.476453 16.877514 26.517987 9.517856 9.517856 0.000000 1.041408 2.215034 
95 90.012489 244.993015 89.899122 261.020506 -513.909163 248.584715 603.932197 603.932197 0.000000 6.277238 0.020593 
96 17.749416 729.862754 22.164338 753.969904 -417.596865 820.831061 444.614075 444.614075 -0.000000 6.077193 6.132301 
97 30.241570 341.914844 30.940099 384.003253 -587.769287 370.279038 618.843927 618.843927 0.000000 6.237322 0.022178 
98 61.440089 93.984028 60.712579 165.038012 -586.680580 115.590395 648.208003 648.208003 -0.000000 6.249861 0.076232 
99 18.299515 483.410707 26.378479 477.518985 30.583634 492.083909 14.368019 14.368019 0.000000 3.756367 4.431315 
100 89.831950 259.997322 89.975651 296.049436 -680.586464 282.175168 770.557710 770.557710 -0.000000 6.254407 0.018003 
101 87.037954 760.649612 87.131549 769.024004 66.685139 764.663869 21.300146 21.300146 -0.000000 6.088451 0.210100 
102 8.068629 480.005863 8.000000 454.000000 758.526995 466.176669 750.550100 750.550100 -0.000000 3.123167 3.157815 
103 58.806280 598.998722 58.788807 629.001042 -559.970203 608.391769 619.094957 619.094957 0.000000 6.268006 0.033295 
104 87.958596 124.500420 70.946439 123.640159 86.396126 3.847642 120.632117 120.632117 0.000000 1.557847 1.699059 
105 87.335125 631.956771 87.590423 643.148905 -14.100051 649.006133 102.954812 102.954812 -0.000000 6.116660 6.225650 
106 51.774708 87.344585 50.763958 73.956851 60.702994 79.707924 11.876513 11.876513 -0.000000 2.434010 3.666154 
107 79.110156 33.053246 82.203764 4.731974 311.536526 52.292949 233.812082 233.812082 -0.000000 3.224182 3.346082 
108 7.143450 350.752998 6.262917 360.936265 -59.672159 358.560808 65.795270 65.795270 0.000000 6.166857 0.036012 
109 59.329278 479.999395 59.377019 506.001144 -543.605424 493.523818 603.462250 603.462250 0.000000 6.260758 0.020690 
110 55.278172 73.332552 52.257629 54.088955 62.165205 61.981419 12.707261 12.707261 0.000000 2.116147 3.814262 
111 81.209058 175.646566 82.870257 150.120989 115.136180 164.540120 35.955320 35.955320 -0.000000 2.825226 3.561852 
112 24.426645 408.405596 9.704752 407.271800 17.468206 406.952116 6.585590 6.585590 -0.000000 0.205920 3.100438 
113 10.306526 458.965267 9.165217 442.044556 36.369439 448.937458 27.305383 27.305383 -0.000000 2.774298 3.389746 
114 59.495938 470.980596 56.775035 480.662580 7.397390 477.853209 52.619606 52.619606 -0.000000 6.152027 0.056834 
115 61.281251 52.999106 61.263830 67.001572 -279.132301 59.318348 340.914908 340.914908 -0.000000 6.264624 0.022568 
116 31.497730 251.946873 30.474125 262.250038 -107.007646 254.909082 138.585851 138.585851 -0.000000 6.261802 0.053345 
117 59.932233 331.996412 59.871731 350.002929 -195.033345 337.956737 255.522086 255.522086 -0.000000 6.259813 0.047222 
118 89.610313 213.027164 90.056498 203.002515 785.819653 209.652582 695.647402 695.647402 0.000000 3.136746 3.151150 
119 27.994300 -0.066456 14.011391 1.132813 14.166528 -66.854196 67.910700 67.910700 0.000000 1.366640 1.573078 
120 90.047695 177.849828 89.024263 186.969519 -150.067680 177.406010 240.453285 240.453285 -0.000000 0.001848 0.039978 
121 90.146781 184.998395 90.131192 203.000114 -661.182400 198.862656 751.319027 751.319027 -0.000000 6.264734 0.005507 
122 30.073499 555.992442 30.188479 567.972969 -641.366372 543.854511 671.847349 671.847349 -0.000000 0.018075 0.035899 
123 81.224184 146.138738 82.169836 127.728837 128.254988 140.353955 47.643272 47.643272 0.000000 3.019207 3.408984 
